92,36
92,35
10,10
10,218
10,120
10,274
10,103
10,273
10,259
10,90
11,20
11,19
11,9
11,17
11,23
9,5
8,14
8,7
8,8
8,10
89,3
89,2
89,1
89,0
88,5
88,4
88,3
88,2
88,1
88,0
87,4
87,3
87,2
87,1
87,0
86,3
86,2
86,1
86,0
84,4
84,3
84,2
84,1
84,0
71,3
71,2
71,1
71,0
20,3
20,2
20,1
19,3
19,2
19,1
18,3
18,1
14,3
14,1
13,3
13,1
12,3
12,2
12,1
11,28
11,27
11,26
11,25
11,24
11,16
11,12
11,11
11,8
11,7
11,6
11,5
11,3
11,2
11,1
10,293
10,253
10,246
10,235
10,228
10,209
10,199
10,198
10,191
10,168
10,165
10,143
10,93
10,88
10,26
10,3
10,2
10,1
9,7
9,6
9,4
9,3
9,2
9,1
8,17
8,16
8,11
8,9
8,6
8,4
8,3
8,2
8,1
3,3
